name: ddqn-mario
channels:
  - pytorch
  - conda-forge
  - defaults
dependencies:
  - blas=2.106=mkl
  - brotli-python=1.1.0=py38hd3f51b4_1
  - ca-certificates=2023.7.22=h56e8100_0
  - certifi=2023.7.22=pyhd8ed1ab_0
  - charset-normalizer=3.3.0=pyhd8ed1ab_0
  - cpuonly=2.0=0
  - filelock=3.12.4=pyhd8ed1ab_0
  - freetype=2.12.1=hdaf720e_2
  - idna=3.4=pyhd8ed1ab_0
  - intel-openmp=2023.2.0=h57928b3_50496
  - jinja2=3.1.2=pyhd8ed1ab_1
  - lcms2=2.15=h67d730c_3
  - lerc=4.0.0=h63175ca_0
  - libblas=3.9.0=6_mkl
  - libcblas=3.9.0=6_mkl
  - libdeflate=1.19=hcfcfb64_0
  - libjpeg-turbo=3.0.0=hcfcfb64_1
  - liblapack=3.9.0=6_mkl
  - liblapacke=3.9.0=6_mkl
  - libpng=1.6.39=h19919ed_0
  - libsqlite=3.43.0=hcfcfb64_0
  - libtiff=4.6.0=h6e2ebb7_2
  - libuv=1.44.2=hcfcfb64_1
  - libwebp-base=1.3.2=hcfcfb64_0
  - libxcb=1.15=hcd874cb_0
  - libzlib=1.2.13=hcfcfb64_5
  - m2w64-gcc-libgfortran=5.3.0=6
  - m2w64-gcc-libs=5.3.0=7
  - m2w64-gcc-libs-core=5.3.0=7
  - m2w64-gmp=6.1.0=2
  - m2w64-libwinpthread-git=5.0.0.4634.697f757=2
  - markupsafe=2.1.3=py38h91455d4_1
  - mkl=2020.4=hb70f87d_311
  - mpmath=1.3.0=pyhd8ed1ab_0
  - msys2-conda-epoch=20160418=1
  - networkx=3.1=pyhd8ed1ab_0
  - numpy=1.24.4=py38h1d91fd2_0
  - openjpeg=2.5.0=h3d672ee_3
  - openssl=1.1.1w=hcfcfb64_0
  - pillow=10.0.1=py38hc375fad_2
  - pip=23.2.1=pyhd8ed1ab_0
  - pthread-stubs=0.4=hcd874cb_1001
  - pysocks=1.7.1=pyh0701188_6
  - python=3.8.0=hc9e8b01_5
  - python_abi=3.8=2_cp38
  - pytorch=2.1.0=py3.8_cpu_0
  - pytorch-mutex=1.0=cpu
  - pyyaml=6.0.1=py38h91455d4_1
  - requests=2.31.0=pyhd8ed1ab_0
  - setuptools=68.2.2=pyhd8ed1ab_0
  - sqlite=3.43.0=hcfcfb64_0
  - sympy=1.12=pyh04b8f61_3
  - tk=8.6.13=hcfcfb64_0
  - torchaudio=2.1.0=py38_cpu
  - torchvision=0.16.0=py38_cpu
  - typing_extensions=4.8.0=pyha770c72_0
  - ucrt=10.0.22621.0=h57928b3_0
  - urllib3=2.0.6=pyhd8ed1ab_0
  - vc=14.3=h64f974e_17
  - vc14_runtime=14.36.32532=hdcecf7f_17
  - vs2015_runtime=14.36.32532=h05e6639_17
  - wheel=0.41.2=pyhd8ed1ab_0
  - win_inet_pton=1.1.0=pyhd8ed1ab_6
  - xorg-libxau=1.0.11=hcd874cb_0
  - xorg-libxdmcp=1.1.3=hcd874cb_0
  - xz=5.2.6=h8d14728_0
  - yaml=0.2.5=h8ffe710_2
  - zstd=1.5.5=h12be248_0
  - pip:
      - cloudpickle==2.2.1
      - colorama==0.4.6
      - contourpy==1.1.1
      - cycler==0.12.1
      - fonttools==4.43.1
      - fsspec==2023.9.2
      - gym==0.23.1
      - gym-notices==0.0.8
      - gym-super-mario-bros==7.4.0
      - importlib-metadata==6.8.0
      - importlib-resources==6.1.0
      - kiwisolver==1.4.5
      - matplotlib==3.7.3
      - nes-py==8.2.1
      - packaging==23.2
      - pyglet==1.5.21
      - pyparsing==3.1.1
      - python-dateutil==2.8.2
      - six==1.16.0
      - tensordict==0.2.0
      - torchrl==0.2.0
      - tqdm==4.66.1
      - zipp==3.17.0
prefix: C:\Users\Denis\anaconda3\envs\ddqn-mario
